8 17
0.047071 -0.000411 0.007353 0.019149 -0.001587 0.002861 -0.017019 -0.000381 0.003902 -0.04412 0.002378 0.008757 0.006681 -0.042108 -0.016972 -0.009331 -0.041664 -0.016379 0.023583 -0.070294 0.005012 -0.026014 -0.068571 0.005465 
-0.00143318499868928 0.00116729001432892 -0.000353574780277101 -0.000391930634745487 0.000812903985014835 -4.84153425269304e-005 0.000556971138828575 0.000787593015061078 -0.000120227107280347 0.00153906922299583 0.000979210037595612 -0.000371487159013606 -0.000291270854237083 -0.000665256660284585 0.000338810047804076 0.000130805794722558 -0.000670091704544982 0.0003213195185668 -0.00115976162326575 -0.00104839335546922 0.000133174641910538 0.00101412619614721 -0.00106958318031512 0.000189605124922825 
-0.000575626873573498 -0.000209552305821244 0.000186441478164061 -0.000733892459914939 -9.4869829740545e-005 0.000397642874643819 0.000957744737589302 -0.000382989526221018 0.000208986903309753 0.00089755292855352 -0.000527473426344873 0.000412060638686832 -0.000274950529650335 0.000333234105209836 -0.00112286582938257 -0.000170586649404342 0.00025537346768997 -0.00111341889575308 0.000395852433357432 -3.49842803984875e-005 0.000894631682244151 -0.00044801081504245 -9.68487385307625e-005 0.000543257579790655 
-0.000222197081637001 0.00041482429639909 -1.62599964022136e-005 -9.65766031034432e-005 6.63435296242218e-005 0.000223157587753587 0.000294578078279766 -4.85512972741203e-005 0.000200357002081285 0.000598692610145641 0.000168340131528403 -0.000240149398339867 -0.00018652114016379 -0.00114130995843723 0.000104923858640445 -0.000445080239071563 -0.00115073206605708 0.000160610344209207 0.00107098718918715 0.000741579329584502 -0.000683148540825493 -0.000925699204456826 0.000624397583360954 -0.000333021192136477 
0.00045346 -2.544e-005 0.0001809 -0.00026214 -0.00010182 0.00020028 0.00021484 -0.00016882 8.912e-005 -0.00042772 1.052e-005 0.0002955 -4.356e-005 -0.00075986 -0.000473 0.0002427 -0.0007779 -0.00045508 -0.00105578 0.00079452 0.00022868 0.00096736 0.00064248 0.0001825 
-0.000974711694233223 -0.000497862538734338 0.000147439357350743 -0.000339397977712007 -0.000338706628306858 -7.35013578105874e-005 -0.000411280122442114 0.000308214480858703 0.000265714685847433 -0.000329318831121149 0.000553188684551664 -6.87346855961384e-005 0.0010510330298806 -0.000215482693541732 -0.000234531188994129 0.000941053894245701 -0.000108396309365218 -0.000214536636461002 0.0003164015132881 -0.000137724078867858 -0.000102046810881085 -9.03484512097468e-005 0.000247994308989138 0.000218666539486498 
-4.78392433050524e-005 4.73542690789331e-005 -0.000707854524037249 -0.000141612474026831 1.94855715851499e-005 -5.2204011340126e-005 0.000102381523235396 4.36476803507357e-005 0.000256741891205935 -0.000172373696369255 0.000138425500540905 0.000360058721877418 0.000139534013057749 -9.9004024160637e-005 5.70017920770918e-005 0.000171836760618908 -5.62916512459885e-005 0.000163263109121442 -0.000256152993931361 -5.11821013636603e-005 0.00107929281972039 -0.000483761790553987 0.000141162140816864 -0.00134519725969837 
-0.000226826049747378 -0.00018314907347841 -0.000503413572784843 0.00080498181246535 0.00025676291771983 0.00054057756632698 -0.000535564283570143 0.000181163756375275 0.000700259905989198 0.000177393082165004 -0.000413945757432058 -0.000492272944436316 7.40423299471323e-005 -9.59807980796159e-006 -0.000178135790721573 -0.000205830250167462 -8.33976011885234e-005 -0.00026607534039065 -0.000157225688282799 8.29405497690967e-005 0.000148670257025405 8.04696155328208e-005 5.36321274983568e-005 0.000134701623019175 
-0.000139715662808434 -7.81800433998345e-005 -0.000506241200322534 9.13562987100506e-005 0.000197643829653243 0.00112868694404162 0.00011124603716987 -0.000282718425250283 -0.000885566926663366 -0.000242186815363677 0.000221266376171347 0.000204761236062884 9.90029838742247e-005 -5.54349853431928e-006 -2.84696256385643e-005 0.000128921161893616 4.16319525605033e-005 9.70390811271418e-005 7.03105040232254e-005 -2.46532472506159e-005 -0.000132250046691863 -2.97231805835109e-005 -2.86924798509993e-005 8.20382069526145e-005 
0.000348991248589417 8.39190669633546e-006 -0.000416766902035178 -0.000642414466351747 0.00012086213475692 0.000267100114563809 0.000689257048880895 0.000132295940859877 0.000582216878094409 -0.000477724965144172 -6.88163032427636e-005 -0.000632328168319268 0.000103384554832915 0.000115605519115655 0.000226754922433891 0.000118914251803558 5.2913039678325e-005 1.81713464553401e-005 -3.66895761763474e-006 -9.93553722855488e-005 -0.000251036751030601 -6.69751536019142e-005 -0.000152361803612323 0.00015713811934728 
-2.38358890750901e-005 5.6331341187655e-007 9.28583500714933e-005 0.000107294636920957 0.000638587547208682 -0.000229367966882911 0.000190278434243085 7.95376446847655e-005 -0.000183993623824305 1.73743528800356e-005 -0.000594936280468758 0.000227921024589659 0.000473260583503423 -7.99573684034186e-005 6.33672361556033e-005 0.000227655935925247 -7.82011560016858e-005 1.85120250648059e-005 -0.000383969885040481 9.92867501834963e-005 -0.000180945104183562 -0.00048049529496968 -7.6798395152503e-005 0.000119521851566983 
-5.87262743241898e-005 -0.000660598516736149 0.00010441828088989 -0.000187153964702862 0.00042664061741236 -2.22797436250959e-005 8.30239614569192e-005 0.00055295770361213 -0.000174068218793667 -0.000105571391465681 -0.000122888641362821 4.09457210707053e-005 -8.26842056622666e-005 -0.000134049104435651 -3.34093198075028e-005 -0.000376367055433921 -3.15252194917022e-005 0.000118368859730928 0.000284756538439418 -8.54949126907561e-005 0.00010702307531556 0.000344213802503618 9.9785247326446e-005 -0.000157430480485832 
-6.61264250961747e-005 -8.88772858271448e-005 -7.82660962614081e-005 -1.39424956159219e-005 -8.73977940225038e-006 -4.66774765384762e-005 -3.03736728105114e-006 -1.5578754764101e-005 -5.55054375714668e-005 -1.41384547953445e-005 0.000128666797208915 0.000174678012537354 0.000146949788649048 0.000351325414827906 0.000683407638236507 -0.000249779368051086 -0.000364866194126011 -0.000670444938517698 6.98594474641762e-006 6.54699618451088e-005 -3.47827543475211e-006 3.98287032176545e-005 -3.36363931478986e-005 -1.00918977402667e-005 
3.7504792640408e-005 4.98406759083382e-005 4.14566568840277e-006 -8.30144275653335e-005 -0.000125414813223957 5.86460024213075e-006 2.85983523301606e-005 -0.000114140624827447 5.78033874439898e-006 6.38702152806768e-005 0.000152395344797668 -3.29883763619854e-005 0.000630124332337674 -3.98135576782583e-005 -0.000165860332135203 -0.000624546221187832 0.000120207452664134 0.000152631276991317 -0.00012473229509233 0.00014690992129533 1.56979170274276e-005 4.38159788205171e-005 -0.000160442317831051 -3.67380130110489e-006 
7.26353219859319e-007 -0.000295235247998947 1.04969755644185e-005 4.34327984477169e-005 1.55423968550542e-005 -1.9994239170321e-005 -1.73387542805128e-006 7.27602859807464e-005 2.97648615148803e-005 3.16471316867738e-005 0.000238204804865477 -2.25560010640184e-005 -0.000172942358573601 1.40037776689006e-005 -2.65704693974344e-005 0.000135453160129249 5.6390002660046e-006 3.57397025169489e-005 -5.60229209252784e-005 0.000554066922258494 1.81744509958348e-005 -0.000132992931481339 -0.000562017756428567 -2.85855138138184e-006 
-0.000318561526930042 1.89420431844086e-005 7.25426495242626e-005 0.000356938928613846 2.32617144681986e-005 -0.000127648500030357 0.000376254120562154 -0.00014497778160808 6.63445853103326e-005 -0.000327845974140297 7.50724716523973e-005 -4.09198729225788e-006 -7.08856160303344e-005 -5.33665977930016e-005 -1.32815661727072e-006 -9.96433690719056e-005 6.25498521181305e-005 -4.300697617829e-007 2.6442965794328e-005 5.4201439095286e-006 8.60771979097833e-006 4.91987158368996e-005 9.37931554005941e-006 -7.15307206730087e-006 
5.11120768507796e-005 -0.000141153962126467 3.02162571970785e-005 -7.25591051764009e-005 0.000370595963754329 -7.55211558174264e-005 -0.000104568182498311 -0.000422248113748303 0.000109584738189221 5.86118554475116e-005 0.000198084352736404 -6.17465067837849e-005 -8.19018137772296e-006 2.22933285087714e-005 -1.73881281051182e-005 2.12410210441965e-005 -1.25386053450932e-005 1.81676151159144e-005 2.92530339623089e-005 -6.78654798185351e-005 1.09128181511468e-005 3.5639259686475e-005 5.54994751686897e-005 -1.01611699621648e-005 
1.24402975848651e-005 1.19303064084708e-005 -3.21076496181206e-005 -3.46837588937531e-005 1.79499458495005e-005 3.05122926047847e-008 -4.36064250311809e-005 -2.01817021085933e-005 8.46934064729953e-006 2.08137424554067e-005 -1.05572532412555e-005 2.83720732235062e-005 -1.00167497722565e-005 -0.000318565770389727 0.000159583649221968 -1.98329901931101e-006 0.000317863987659817 -0.000168288370412218 1.62063862720842e-005 2.25921732243713e-005 -1.89612104044019e-006 1.43974432105148e-005 -1.87345476593378e-005 4.84273672627369e-006 
1 1 1 1 1 1 1 1 1 1 1 1 1 1 1 1 1
