78
0.005
-0.005000 0.005000
0.000000 0.005000
0.000000 0.005000
0.000000 0.015000
0.000000 0.005000
0.000000 0.005000
0.000000 0.010000
0.000000 0.005000
0.000000 0.005000
0.000000 0.015000
0.005000 0.015000
0.005000 0.015000
0.005000 0.015000
0.010000 0.030000
0.020000 0.030000
0.020000 0.030000
0.020000 0.030000
0.020000 0.030000
0.020000 0.030000
0.020000 0.030000
0.020000 0.030000
0.020000 0.030000
0.020000 0.030000
0.000000 0.015000
0.000000 0.015000
0.000000 0.005000
0.000000 0.015000
0.000000 0.015000
-0.005000 0.005000
0.000000 0.005000
-0.005000 0.005000
0.000000 0.005000
0.000000 0.000000
-0.010000 0.000000
-0.010000 0.000000
-0.010000 0.000000
0.000000 0.010000
0.000000 0.005000
0.000000 0.015000
0.000000 0.015000
0.015000 0.025000
0.015000 0.025000
0.010000 0.020000
0.010000 0.020000
0.010000 0.020000
0.010000 0.020000
0.010000 0.020000
0.010000 0.020000
-0.005000 0.005000
-0.005000 0.005000
-0.005000 0.005000
-0.005000 0.005000
0.000000 0.005000
-0.005000 0.005000
-0.005000 0.005000
-0.005000 0.005000
-0.010000 0.000000
0.000000 0.005000
0.010000 0.025000
0.015000 0.025000
0.005000 0.020000
0.000000 0.015000
0.000000 0.005000
0.000000 0.005000
0.000000 0.015000
0.000000 0.015000
0.000000 0.015000
0.010000 0.025000
0.015000 0.025000
0.010000 0.025000
-0.005000 0.005000
0.000000 0.015000
0.000000 0.015000
0.000000 0.005000
0.010000 0.020000
-0.005000 -0.005000
-0.005000 0.005000
0.000000 0.005000
